0.52 0.02 0.00 0.00 0.00 0.00 0.00 0.01 0.02 0.00 0.00 0.00 0.00 0.00 0.00 0.00 0.00 0.00 0.15 0.15 0.00 0.02 0.00 0.00 0.00 0.08 0.01
0.03 0.61 0.00 0.01 0.03 0.04 0.01 0.01 0.04 0.00 0.00 0.00 0.00 0.00 0.00 0.00 0.00 0.00 0.06 0.05 0.10 0.00 0.00 0.00 0.00 0.01 0.01
0.00 0.05 0.49 0.05 0.02 0.01 0.00 0.01 0.02 0.03 0.00 0.01 0.00 0.01 0.00 0.00 0.04 0.00 0.00 0.00 0.07 0.07 0.01 0.03 0.04 0.01 0.00
0.00 0.01 0.14 0.69 0.00 0.00 0.00 0.00 0.05 0.02 0.01 0.00 0.00 0.00 0.00 0.00 0.01 0.00 0.00 0.01 0.03 0.01 0.01 0.01 0.00 0.00 0.01
0.00 0.02 0.02 0.00 0.70 0.04 0.03 0.06 0.02 0.01 0.00 0.01 0.01 0.00 0.00 0.00 0.01 0.00 0.01 0.02 0.01 0.00 0.00 0.01 0.00 0.00 0.00
0.00 0.00 0.00 0.00 0.00 0.97 0.00 0.00 0.01 0.00 0.00 0.00 0.00 0.00 0.00 0.00 0.00 0.00 0.00 0.01 0.00 0.00 0.00 0.00 0.00 0.00 0.00
0.02 0.02 0.00 0.00 0.11 0.01 0.59 0.01 0.08 0.04 0.00 0.00 0.01 0.00 0.00 0.00 0.03 0.00 0.04 0.03 0.00 0.01 0.00 0.01 0.00 0.01 0.00
0.00 0.01 0.00 0.00 0.09 0.01 0.01 0.45 0.08 0.03 0.00 0.07 0.06 0.02 0.01 0.01 0.05 0.01 0.00 0.00 0.01 0.02 0.00 0.03 0.01 0.00 0.00
0.02 0.05 0.02 0.01 0.03 0.04 0.03 0.09 0.40 0.02 0.01 0.03 0.02 0.01 0.01 0.03 0.02 0.00 0.03 0.03 0.03 0.03 0.00 0.02 0.00 0.01 0.00
0.01 0.02 0.04 0.01 0.01 0.00 0.00 0.11 0.01 0.54 0.00 0.03 0.02 0.03 0.00 0.00 0.04 0.01 0.00 0.00 0.00 0.02 0.01 0.04 0.04 0.00 0.00
0.00 0.01 0.02 0.00 0.04 0.00 0.00 0.00 0.04 0.03 0.59 0.02 0.01 0.02 0.02 0.02 0.01 0.02 0.00 0.02 0.00 0.06 0.01 0.02 0.06 0.00 0.00
0.00 0.00 0.03 0.00 0.02 0.00 0.00 0.08 0.03 0.03 0.01 0.43 0.04 0.04 0.01 0.00 0.06 0.03 0.00 0.00 0.00 0.04 0.02 0.08 0.05 0.00 0.00
0.00 0.00 0.01 0.00 0.01 0.00 0.00 0.06 0.01 0.00 0.01 0.05 0.59 0.03 0.02 0.00 0.05 0.02 0.00 0.00 0.00 0.02 0.03 0.07 0.01 0.00 0.00
0.00 0.01 0.01 0.00 0.00 0.00 0.00 0.02 0.01 0.01 0.01 0.01 0.09 0.56 0.03 0.00 0.07 0.01 0.00 0.00 0.00 0.03 0.07 0.03 0.03 0.00 0.00
0.00 0.00 0.00 0.00 0.00 0.00 0.00 0.00 0.00 0.00 0.00 0.01 0.03 0.03 0.82 0.00 0.04 0.00 0.00 0.01 0.01 0.01 0.01 0.01 0.01 0.00 0.00
0.01 0.01 0.00 0.01 0.02 0.01 0.00 0.03 0.02 0.01 0.01 0.02 0.03 0.01 0.02 0.65 0.03 0.03 0.01 0.01 0.00 0.03 0.01 0.03 0.01 0.01 0.00
0.00 0.00 0.01 0.00 0.01 0.00 0.00 0.04 0.01 0.01 0.01 0.02 0.07 0.09 0.04 0.01 0.48 0.02 0.01 0.01 0.00 0.03 0.06 0.03 0.03 0.00 0.00
0.00 0.00 0.00 0.00 0.00 0.00 0.00 0.06 0.00 0.00 0.01 0.01 0.00 0.03 0.03 0.00 0.05 0.69 0.00 0.01 0.00 0.01 0.03 0.03 0.04 0.00 0.00
0.02 0.01 0.00 0.00 0.01 0.01 0.00 0.00 0.01 0.01 0.00 0.00 0.00 0.00 0.00 0.00 0.00 0.00 0.81 0.11 0.00 0.00 0.00 0.00 0.00 0.01 0.00
0.04 0.01 0.00 0.00 0.02 0.01 0.01 0.01 0.02 0.00 0.00 0.00 0.00 0.00 0.00 0.00 0.00 0.00 0.07 0.74 0.04 0.01 0.00 0.00 0.00 0.01 0.00
0.01 0.05 0.02 0.02 0.01 0.01 0.01 0.02 0.02 0.01 0.00 0.00 0.02 0.01 0.00 0.00 0.01 0.00 0.00 0.02 0.76 0.02 0.00 0.01 0.01 0.00 0.00
0.01 0.01 0.01 0.00 0.00 0.00 0.00 0.01 0.02 0.01 0.00 0.01 0.02 0.03 0.01 0.01 0.03 0.01 0.00 0.02 0.01 0.72 0.01 0.03 0.01 0.00 0.00
0.00 0.01 0.00 0.00 0.00 0.00 0.00 0.01 0.01 0.01 0.00 0.02 0.02 0.12 0.01 0.00 0.08 0.00 0.00 0.00 0.00 0.04 0.60 0.03 0.04 0.00 0.00
0.00 0.01 0.01 0.00 0.00 0.00 0.00 0.01 0.00 0.01 0.00 0.01 0.02 0.01 0.00 0.00 0.02 0.01 0.00 0.00 0.00 0.03 0.01 0.79 0.04 0.00 0.00
0.00 0.01 0.02 0.00 0.00 0.00 0.00 0.01 0.01 0.07 0.01 0.04 0.01 0.04 0.00 0.00 0.06 0.02 0.00 0.00 0.00 0.03 0.06 0.05 0.53 0.00 0.00
0.07 0.00 0.00 0.00 0.01 0.00 0.00 0.00 0.01 0.00 0.00 0.00 0.01 0.00 0.00 0.01 0.00 0.00 0.06 0.04 0.00 0.00 0.00 0.00 0.00 0.78 0.00
0.01 0.02 0.00 0.00 0.00 0.00 0.01 0.01 0.00 0.00 0.00 0.00 0.00 0.01 0.00 0.00 0.01 0.00 0.02 0.01 0.01 0.00 0.01 0.00 0.00 0.01 0.91
